{
 "cells": [
  {
   "cell_type": "markdown",
   "id": "062d3c84-c4aa-4ee3-8220-2398e00c4eb4",
   "metadata": {},
   "source": [
    "## Homework #1"
   ]
  },
  {
   "cell_type": "markdown",
   "id": "466723fe-0ff5-4672-872c-d10dad75f04a",
   "metadata": {},
   "source": [
    "#### Problem 4.2"
   ]
  },
  {
   "cell_type": "code",
   "execution_count": 11,
   "id": "94ec3aa1-f4e9-4a1e-be08-3dcba7fddd10",
   "metadata": {},
   "outputs": [
    {
     "name": "stdout",
     "output_type": "stream",
     "text": [
      "\n",
      "Matrix 1:\n",
      "[[-3 10  3]\n",
      " [-3 -8 -7]\n",
      " [ 5 -8  8]]\n",
      "\n",
      "Inverse:\n",
      "[[-0.27149321 -0.23529412 -0.1040724 ]\n",
      " [-0.02488688 -0.08823529 -0.0678733 ]\n",
      " [ 0.14479638  0.05882353  0.12217195]]\n",
      "\n",
      "Product (Matrix * Inverse):\n",
      "[[ 1.00000000e+00 -8.32667268e-17  6.93889390e-17]\n",
      " [ 5.55111512e-17  1.00000000e+00 -1.38777878e-17]\n",
      " [ 0.00000000e+00  0.00000000e+00  1.00000000e+00]]\n",
      "\n",
      "--------------------------------------------------\n",
      "\n",
      "Matrix 2:\n",
      "[[ 6 -5 10]\n",
      " [ 7  8  8]\n",
      " [ 1  3 -3]]\n",
      "\n",
      "Inverse:\n",
      "[[ 0.15841584 -0.04950495  0.3960396 ]\n",
      " [-0.09570957  0.09240924 -0.07260726]\n",
      " [-0.04290429  0.07590759 -0.27392739]]\n",
      "\n",
      "Product (Matrix * Inverse):\n",
      "[[ 1.00000000e+00  8.32667268e-17  1.11022302e-16]\n",
      " [-5.55111512e-17  1.00000000e+00  4.44089210e-16]\n",
      " [ 6.93889390e-18 -9.71445147e-17  1.00000000e+00]]\n",
      "\n",
      "--------------------------------------------------\n",
      "\n",
      "Matrix 3:\n",
      "[[-6  5 10]\n",
      " [-5  8 -7]\n",
      " [ 0 10 -5]]\n",
      "\n",
      "Inverse:\n",
      "[[-0.03726708 -0.1552795   0.14285714]\n",
      " [ 0.0310559  -0.03726708  0.11428571]\n",
      " [ 0.0621118  -0.07453416  0.02857143]]\n",
      "\n",
      "Product (Matrix * Inverse):\n",
      "[[ 1.00000000e+00  2.77555756e-17  0.00000000e+00]\n",
      " [-1.11022302e-16  1.00000000e+00 -2.22044605e-16]\n",
      " [ 0.00000000e+00 -1.38777878e-17  1.00000000e+00]]\n",
      "\n",
      "--------------------------------------------------\n"
     ]
    }
   ],
   "source": [
    "# Problem 4.2: Generate 3 random 3x3 matrices and compute inverses and product\n",
    "\n",
    "import numpy as np\n",
    "\n",
    "np.random.seed()  \n",
    "\n",
    "matrices = []\n",
    "inverses = []\n",
    "products = []\n",
    "\n",
    "for i in range(3):\n",
    "    while True:\n",
    "        M = np.random.randint(-10, 11, size=(3,3))\n",
    "        det = np.linalg.det(M)\n",
    "        if abs(det) > 1e-8:  \n",
    "            break\n",
    "    matrices.append(M)\n",
    "    inv_M = np.linalg.inv(M)\n",
    "    inverses.append(inv_M)\n",
    "    products.append(np.dot(M, inv_M))\n",
    "\n",
    "# Display results\n",
    "for i in range(3):\n",
    "    print(f\"\\nMatrix {i+1}:\")\n",
    "    print(matrices[i])\n",
    "    \n",
    "    print(\"\\nInverse:\")\n",
    "    print(inverses[i])\n",
    "    \n",
    "    print(\"\\nProduct (Matrix * Inverse):\")\n",
    "    print(products[i])\n",
    "    print(\"\\n\" + \"-\"*50)\n"
   ]
  },
  {
   "cell_type": "markdown",
   "id": "bcc2b906-5c07-43c7-9c73-bb2b7b684fb0",
   "metadata": {},
   "source": [
    "#### Problem 5.1"
   ]
  },
  {
   "cell_type": "code",
   "execution_count": 16,
   "id": "d3174ef4-78e1-45e9-84e9-5b561ebd3891",
   "metadata": {},
   "outputs": [
    {
     "name": "stdout",
     "output_type": "stream",
     "text": [
      "Feature statistics (average, min, max, variance):\n",
      "                        mean         min           max      variance\n",
      "price          540088.141767  75000.0000  7.700000e+06  1.347824e+11\n",
      "bedrooms            3.370842      0.0000  3.300000e+01  8.650150e-01\n",
      "bathrooms           2.114757      0.0000  8.000000e+00  5.931513e-01\n",
      "sqft_living      2079.899736    290.0000  1.354000e+04  8.435337e+05\n",
      "sqft_lot        15106.967566    520.0000  1.651359e+06  1.715659e+09\n",
      "floors              1.494309      1.0000  3.500000e+00  2.915880e-01\n",
      "waterfront          0.007542      0.0000  1.000000e+00  7.485226e-03\n",
      "view                0.234303      0.0000  4.000000e+00  5.872426e-01\n",
      "condition           3.409430      1.0000  5.000000e+00  4.234665e-01\n",
      "grade               7.656873      1.0000  1.300000e+01  1.381703e+00\n",
      "sqft_above       1788.390691    290.0000  9.410000e+03  6.857347e+05\n",
      "sqft_basement     291.509045      0.0000  4.820000e+03  1.958727e+05\n",
      "yr_built         1971.005136   1900.0000  2.015000e+03  8.627973e+02\n",
      "yr_renovated       84.402258      0.0000  2.015000e+03  1.613462e+05\n",
      "lat                47.560053     47.1559  4.777760e+01  1.919990e-02\n",
      "long             -122.213896   -122.5190 -1.213150e+02  1.983262e-02\n",
      "sqft_living15    1986.552492    399.0000  6.210000e+03  4.697612e+05\n",
      "sqft_lot15      12768.455652    651.0000  8.712000e+05  7.455182e+08\n",
      "\n",
      "Lowest average:\n",
      "long: -122.21389640494147\n",
      "\n",
      "Highest average:\n",
      "price: 540088.1417665294\n",
      "\n",
      "Lowest variance:\n",
      "waterfront: 0.007485225502689098\n",
      "\n",
      "Highest variance:\n",
      "price: 134782378397.24681\n"
     ]
    }
   ],
   "source": [
    "import pandas as pd\n",
    "\n",
    "# Load dataset \n",
    "df = pd.read_csv(\"kc_house_data.csv\")\n",
    "\n",
    "# Drop columns to ignore\n",
    "df = df.drop(columns=['id', 'date', 'zipcode'])\n",
    "\n",
    "# Compute statistics\n",
    "stats = pd.DataFrame({\n",
    "    'mean': df.mean(),\n",
    "    'min': df.min(),\n",
    "    'max': df.max(),\n",
    "    'variance': df.var()\n",
    "})\n",
    "\n",
    "print(\"Feature statistics (average, min, max, variance):\")\n",
    "print(stats)\n",
    "\n",
    "# Find feature with lowest and highest average\n",
    "lowest_avg_feature = stats['mean'].idxmin()\n",
    "highest_avg_feature = stats['mean'].idxmax()\n",
    "\n",
    "print(\"\\nLowest average:\")\n",
    "print(f\"{lowest_avg_feature}: {stats.loc[lowest_avg_feature, 'mean']}\")\n",
    "\n",
    "print(\"\\nHighest average:\")\n",
    "print(f\"{highest_avg_feature}: {stats.loc[highest_avg_feature, 'mean']}\")\n",
    "\n",
    "# Find feature with lowest and highest variance\n",
    "lowest_var_feature = stats['variance'].idxmin()\n",
    "highest_var_feature = stats['variance'].idxmax()\n",
    "\n",
    "print(\"\\nLowest variance:\")\n",
    "print(f\"{lowest_var_feature}: {stats.loc[lowest_var_feature, 'variance']}\")\n",
    "\n",
    "print(\"\\nHighest variance:\")\n",
    "print(f\"{highest_var_feature}: {stats.loc[highest_var_feature, 'variance']}\")\n"
   ]
  },
  {
   "cell_type": "markdown",
   "id": "1baed970-6422-42cc-9ac1-9ceec5657cac",
   "metadata": {},
   "source": [
    "#### Problem 5.2"
   ]
  },
  {
   "cell_type": "code",
   "execution_count": 22,
   "id": "e5d72555-51ce-47ac-be52-d4e305e852f5",
   "metadata": {},
   "outputs": [
    {
     "data": {
      "text/html": [
       "<div>\n",
       "<style scoped>\n",
       "    .dataframe tbody tr th:only-of-type {\n",
       "        vertical-align: middle;\n",
       "    }\n",
       "\n",
       "    .dataframe tbody tr th {\n",
       "        vertical-align: top;\n",
       "    }\n",
       "\n",
       "    .dataframe thead th {\n",
       "        text-align: right;\n",
       "    }\n",
       "</style>\n",
       "<table border=\"1\" class=\"dataframe\">\n",
       "  <thead>\n",
       "    <tr style=\"text-align: right;\">\n",
       "      <th></th>\n",
       "      <th>Feature</th>\n",
       "      <th>Correlation_with_Price</th>\n",
       "    </tr>\n",
       "  </thead>\n",
       "  <tbody>\n",
       "    <tr>\n",
       "      <th>0</th>\n",
       "      <td>sqft_living</td>\n",
       "      <td>0.702035</td>\n",
       "    </tr>\n",
       "    <tr>\n",
       "      <th>1</th>\n",
       "      <td>grade</td>\n",
       "      <td>0.667434</td>\n",
       "    </tr>\n",
       "    <tr>\n",
       "      <th>2</th>\n",
       "      <td>sqft_above</td>\n",
       "      <td>0.605567</td>\n",
       "    </tr>\n",
       "    <tr>\n",
       "      <th>3</th>\n",
       "      <td>sqft_living15</td>\n",
       "      <td>0.585379</td>\n",
       "    </tr>\n",
       "    <tr>\n",
       "      <th>4</th>\n",
       "      <td>bathrooms</td>\n",
       "      <td>0.525138</td>\n",
       "    </tr>\n",
       "    <tr>\n",
       "      <th>5</th>\n",
       "      <td>view</td>\n",
       "      <td>0.397293</td>\n",
       "    </tr>\n",
       "    <tr>\n",
       "      <th>6</th>\n",
       "      <td>sqft_basement</td>\n",
       "      <td>0.323816</td>\n",
       "    </tr>\n",
       "    <tr>\n",
       "      <th>7</th>\n",
       "      <td>bedrooms</td>\n",
       "      <td>0.308350</td>\n",
       "    </tr>\n",
       "    <tr>\n",
       "      <th>8</th>\n",
       "      <td>lat</td>\n",
       "      <td>0.307003</td>\n",
       "    </tr>\n",
       "    <tr>\n",
       "      <th>9</th>\n",
       "      <td>waterfront</td>\n",
       "      <td>0.266369</td>\n",
       "    </tr>\n",
       "    <tr>\n",
       "      <th>10</th>\n",
       "      <td>floors</td>\n",
       "      <td>0.256794</td>\n",
       "    </tr>\n",
       "    <tr>\n",
       "      <th>11</th>\n",
       "      <td>yr_renovated</td>\n",
       "      <td>0.126434</td>\n",
       "    </tr>\n",
       "    <tr>\n",
       "      <th>12</th>\n",
       "      <td>sqft_lot</td>\n",
       "      <td>0.089661</td>\n",
       "    </tr>\n",
       "    <tr>\n",
       "      <th>13</th>\n",
       "      <td>sqft_lot15</td>\n",
       "      <td>0.082447</td>\n",
       "    </tr>\n",
       "    <tr>\n",
       "      <th>14</th>\n",
       "      <td>yr_built</td>\n",
       "      <td>0.054012</td>\n",
       "    </tr>\n",
       "    <tr>\n",
       "      <th>15</th>\n",
       "      <td>condition</td>\n",
       "      <td>0.036362</td>\n",
       "    </tr>\n",
       "    <tr>\n",
       "      <th>16</th>\n",
       "      <td>long</td>\n",
       "      <td>0.021626</td>\n",
       "    </tr>\n",
       "  </tbody>\n",
       "</table>\n",
       "</div>"
      ],
      "text/plain": [
       "          Feature  Correlation_with_Price\n",
       "0     sqft_living                0.702035\n",
       "1           grade                0.667434\n",
       "2      sqft_above                0.605567\n",
       "3   sqft_living15                0.585379\n",
       "4       bathrooms                0.525138\n",
       "5            view                0.397293\n",
       "6   sqft_basement                0.323816\n",
       "7        bedrooms                0.308350\n",
       "8             lat                0.307003\n",
       "9      waterfront                0.266369\n",
       "10         floors                0.256794\n",
       "11   yr_renovated                0.126434\n",
       "12       sqft_lot                0.089661\n",
       "13     sqft_lot15                0.082447\n",
       "14       yr_built                0.054012\n",
       "15      condition                0.036362\n",
       "16           long                0.021626"
      ]
     },
     "execution_count": 22,
     "metadata": {},
     "output_type": "execute_result"
    }
   ],
   "source": [
    "# Compute correlation of each feature with the response \n",
    "\n",
    "import pandas as pd\n",
    "\n",
    "# Load dataset\n",
    "df = pd.read_csv('kc_house_data.csv')\n",
    "\n",
    "# Drop columns to ignore\n",
    "df = df.drop(columns=['id', 'date', 'zipcode'])\n",
    "\n",
    "# Compute correlations with price\n",
    "correlations = df.corr()['price'].drop('price')\n",
    "\n",
    "# Convert to DataFrame for clean table\n",
    "corr_table = correlations.sort_values(ascending=False).reset_index()\n",
    "corr_table.columns = ['Feature', 'Correlation_with_Price']\n",
    "\n",
    "corr_table\n"
   ]
  },
  {
   "cell_type": "markdown",
   "id": "c280ea9d-f986-44a7-a7c7-4cc5187e74b3",
   "metadata": {},
   "source": [
    "All of the features have positive correlation coefficients, which means as the feature increases, on average house price tends to increase. The feature which has the highest positive correlation is sqft_living at 0.7020. This means this feature is the most important predictor in terms of linear relationship with price."
   ]
  },
  {
   "cell_type": "markdown",
   "id": "d2163184-9b16-482f-a5b5-ce484e6e5c7b",
   "metadata": {},
   "source": [
    "#### Problem 5.3"
   ]
  },
  {
   "cell_type": "markdown",
   "id": "e93e55f2-492a-4da8-b0ea-b2b40a0ae5be",
   "metadata": {},
   "source": [
    "All computed correlation coefficients were positive, meaning that as each feature increases, the house price tends to increase even if the relationship is more weak such as long, condition, and yr_built."
   ]
  },
  {
   "cell_type": "code",
   "execution_count": null,
   "id": "264d8191-423f-440e-971c-6a2db3b46142",
   "metadata": {},
   "outputs": [],
   "source": []
  }
 ],
 "metadata": {
  "kernelspec": {
   "display_name": "Python 3 (ipykernel)",
   "language": "python",
   "name": "python3"
  },
  "language_info": {
   "codemirror_mode": {
    "name": "ipython",
    "version": 3
   },
   "file_extension": ".py",
   "mimetype": "text/x-python",
   "name": "python",
   "nbconvert_exporter": "python",
   "pygments_lexer": "ipython3",
   "version": "3.11.14"
  }
 },
 "nbformat": 4,
 "nbformat_minor": 5
}
